1
 0.0718639
 -0.056199
-0.0258622
0.99830776 -0.05776569 -0.00668945
0.05814391 0.99343355 0.09853456
0.00095360 -0.09875677 0.99511115
0.01836192
2
 0.0271844
-0.0532206
 -0.034676
0.99848606 -0.05443008 0.00793416
0.05340292 0.99382342 0.09727869
-0.01318004 -0.09670771 0.99522556
0.02149223
3
-0.0188249
-0.0382308
-0.0435585
0.99784448 -0.05747832 0.03166430
0.05441483 0.99442407 0.09033161
-0.03667985 -0.08841389 0.99540824
0.03193470
4
-0.0312232
-0.0352167
-0.0453404
0.99763047 -0.05858405 0.03607430
0.05514102 0.99441466 0.08999421
-0.04114503 -0.08779180 0.99528875
0.03137638
5
-0.0408235
  0.014005
-0.0503806
0.99669292 -0.07078393 0.03991058
0.06871556 0.99633122 0.05101240
-0.04337501 -0.04810122 0.99790024
0.08448011
6
-0.0493532
 0.0107065
-0.0515346
0.99689639 -0.06511575 0.04424392
0.06208168 0.99583324 0.06679830
-0.04840919 -0.06384425 0.99678506
0.04838306
7
-0.0527299
 0.0131561
-0.0526638
0.99720648 -0.06123692 0.04277004
0.05819912 0.99591871 0.06898398
-0.04681985 -0.06630209 0.99670052
0.04000188
8
-0.0581895
 0.0244445
 -0.054505
0.99681552 -0.06522760 0.04587124
0.06251479 0.99634116 0.05827681
-0.04950466 -0.05522360 0.99724603
0.05858300
9
-0.0569062
 0.0223225
-0.0549461
0.99665827 -0.07103844 0.04032160
0.06812170 0.99524586 0.06960677
-0.04507466 -0.06662739 0.99675928
0.02433059
10
-0.0552089
 0.0269835
-0.0558557
0.99724032 -0.06500019 0.03587081
0.06264024 0.99602051 0.06339827
-0.03984896 -0.06097635 0.99734344
0.03352873
11
-0.0581472
 0.0270599
-0.0566058
0.99707589 -0.06416909 0.04149700
0.06127036 0.99582189 0.06771052
-0.04566855 -0.06496999 0.99684165
0.02841265
12
-0.0615302
 0.0222108
-0.0567715
0.99700570 -0.06194402 0.04628788
0.05813354 0.99513283 0.07956845
-0.05099137 -0.07663932 0.99575413
0.03578949
13
 -0.062525
 0.0220697
-0.0572497
0.99648966 -0.07054111 0.04508103
0.06684019 0.99463844 0.07890986
-0.05040572 -0.07561964 0.99586191
0.03173725
14
-0.0623909
 0.0323894
-0.0577867
0.99743792 -0.05757946 0.04245240
0.05545722 0.99722933 0.04957989
-0.04518956 -0.04709857 0.99786754
0.06025354
15
 -0.059742
 0.0437806
-0.0583493
0.99707086 -0.06863832 0.03374133
0.06754105 0.99718208 0.03265118
-0.03588737 -0.03027662 0.99889710
0.10642171
16
-0.0608862
 0.0454971
-0.0587689
0.99721035 -0.06391736 0.03854983
0.06218236 0.99706594 0.04464152
-0.04129009 -0.04211986 0.99825901
0.06810864
17
-0.0593134
 0.0487846
-0.0590212
0.99757776 -0.06080841 0.03377796
0.05925192 0.99721406 0.04531365
-0.03643930 -0.04320248 0.99840158
0.06151539
18
-0.0546821
 0.0564079
-0.0587176
0.99755044 -0.06662690 0.02130679
0.06590486 0.99728130 0.03296298
-0.02344508 -0.03147802 0.99922943
0.10138884
19
-0.0514387
 0.0508547
-0.0578258
0.99709899 -0.07390927 0.01819389
0.07252620 0.99507468 0.06757459
-0.02309867 -0.06605902 0.99754832
0.05273308
20
-0.0533164
 0.0490782
-0.0580328
0.99713458 -0.06816069 0.03281380
0.06567280 0.99526118 0.07170962
-0.03754608 -0.06934916 0.99688564
0.03002565
21
-0.0565156
 0.0535443
-0.0589253
0.99768405 -0.04965261 0.04648817
0.04738329 0.99768857 0.04870676
-0.04879913 -0.04639119 0.99773068
0.04757013
22
-0.0535063
 0.0524145
 -0.058481
0.99791417 -0.05692742 0.03043981
0.05500877 0.99664923 0.06053383
-0.03378385 -0.05873311 0.99770190
0.02605744
23
-0.0545377
 0.0567874
-0.0591235
0.99751675 -0.05996179 0.03694476
0.05829268 0.99729779 0.04471110
-0.03952589 -0.04244647 0.99831658
0.05343229
24
 -0.053048
 0.0591576
-0.0592583
0.99658625 -0.07664191 0.03068992
0.07519468 0.99611558 0.04582035
-0.03408247 -0.04335621 0.99847815
0.05700943
25
-0.0505863
 0.0593336
-0.0590059
0.99740537 -0.06844394 0.02231480
0.06720096 0.99636438 0.05236462
-0.02581771 -0.05072918 0.99837868
0.04933043
26
-0.0500383
 0.0595994
-0.0589521
0.99731967 -0.06843082 0.02589774
0.06690177 0.99619217 0.05590452
-0.02962471 -0.05402207 0.99810019
0.03513302
27
-0.0506951
 0.0635085
 -0.059351
0.99692509 -0.07102974 0.03309280
0.06964675 0.99671967 0.04122168
-0.03591221 -0.03879012 0.99860184
0.06175443
28
-0.0494028
 0.0624152
-0.0591886
0.99744044 -0.06579100 0.02800202
0.06415932 0.99638703 0.05564586
-0.03156185 -0.05370684 0.99805783
0.03194312
29
-0.0486624
 0.0548672
-0.0578871
0.99813931 -0.05473793 0.02686412
0.05199335 0.99421548 0.09398012
-0.03185300 -0.09240850 0.99521156
0.10096577
30
-0.0471492
 0.0547825
-0.0577688
0.99803329 -0.05825754 0.02314338
0.05628079 0.99532906 0.07843814
-0.02760489 -0.07698135 0.99665031
0.06416949
31
-0.0482718
 0.0551557
-0.0579151
0.99695091 -0.07028546 0.03389440
0.06778652 0.99524381 0.06996250
-0.03865054 -0.06745159 0.99697363
0.02651194
32
 -0.047343
 0.0557435
-0.0579328
0.99661062 -0.07701362 0.02891656
0.07503072 0.99510414 0.06432832
-0.03372914 -0.06194065 0.99750975
0.02274800
33
-0.0468373
 0.0557075
-0.0579599
0.99658059 -0.07750534 0.02863654
0.07553945 0.99506640 0.06431673
-0.03348015 -0.06193361 0.99751857
0.02490744
34
-0.0457519
 0.0555047
-0.0578652
0.99689991 -0.07467818 0.02477375
0.07292517 0.99519138 0.06539140
-0.02953793 -0.06338205 0.99755212
0.03027573
35
-0.0445301
 0.0588383
-0.0578136
0.99698504 -0.07453589 0.02156924
0.07350138 0.99626448 0.04532797
-0.02486723 -0.04360594 0.99873928
0.06718764
36
 -0.046949
 0.0581733
-0.0581174
0.99718462 -0.06248682 0.04145157
0.06012120 0.99661609 0.05605188
-0.04481381 -0.05340196 0.99756702
0.03688730
37
-0.0469459
 0.0548095
-0.0576214
0.99689378 -0.06937655 0.03727848
0.06618240 0.99451516 0.08099065
-0.04269286 -0.07827189 0.99601748
0.05583728
38
-0.0468173
 0.0552371
-0.0576487
0.99742898 -0.06295488 0.03423626
0.06050885 0.99582707 0.06831629
-0.03839424 -0.06606905 0.99707611
0.02802360
39
-0.0438676
 0.0543117
-0.0570577
0.99746708 -0.06978759 0.01375231
0.06861097 0.99498697 0.07275624
-0.01876085 -0.07162840 0.99725493
0.06233052
40
-0.0441628
  0.052525
-0.0569258
0.99753318 -0.06554036 0.02513986
0.06332685 0.99473749 0.08054215
-0.03028632 -0.07875144 0.99643412
0.05349429
41
-0.0425823
  0.054278
-0.0568415
0.99716704 -0.07303110 0.01800964
0.07180392 0.99553219 0.06131767
-0.02240728 -0.05985080 0.99795581
0.04747000
42
-0.0405981
 0.0524393
-0.0562431
0.99700348 -0.07662511 0.01061339
0.07559290 0.99418885 0.07664359
-0.01642454 -0.07561163 0.99700206
0.07182889
43
-0.0400888
 0.0563959
-0.0564858
0.99668497 -0.07940866 0.01770114
0.07860356 0.99600827 0.04229674
-0.02098921 -0.04076515 0.99894827
0.07930220
44
-0.0411698
 0.0568118
-0.0567845
0.99746953 -0.06337194 0.03222618
0.06179755 0.99694798 0.04770515
-0.03515099 -0.04559294 0.99834147
0.04695069
45
-0.0413917
 0.0625507
-0.0570497
0.99704770 -0.06893630 0.03381832
0.06858124 0.99757867 0.01155035
-0.03453268 -0.00919695 0.99936125
0.14552038
46
-0.0410235
 0.0658824
-0.0573243
0.99627463 -0.08066127 0.03050594
0.08033280 0.99669770 0.01184617
-0.03136073 -0.00935142 0.99946438
0.14760178
47
-0.0409629
 0.0654792
-0.0573246
0.99660668 -0.07630808 0.03085772
0.07508184 0.99640984 0.03911716
-0.03373189 -0.03666757 0.99875805
0.06656307
48
-0.0415908
 0.0639611
-0.0573029
0.99709523 -0.06704293 0.03614353
0.06476318 0.99603867 0.06093198
-0.04008541 -0.05841421 0.99748731
0.02552543
49
-0.0409321
 0.0599687
-0.0566604
0.99818106 -0.05350007 0.02779065
0.05073600 0.99445565 0.09210766
-0.03256433 -0.09053014 0.99536117
0.09857380
50
-0.0406843
 0.0599237
-0.0566055
0.99772665 -0.06169981 0.02710461
0.05943537 0.99520946 0.07762448
-0.03176418 -0.07583703 0.99661416
0.05500135
51
-0.0406234
 0.0609415
-0.0566633
0.99702700 -0.07160887 0.02844891
0.06975376 0.99566184 0.06157844
-0.03273505 -0.05941095 0.99769673
0.02034633
52
-0.0395346
 0.0615287
-0.0566017
0.99709502 -0.07331095 0.02066442
0.07204319 0.99579630 0.05656416
-0.02472432 -0.05491111 0.99818509
0.03977074
53
-0.0403196
 0.0602928
-0.0565582
0.99749901 -0.06272205 0.03258319
0.06038497 0.99583297 0.06834000
-0.03673383 -0.06620154 0.99712987
0.03318810
54
-0.0395098
 0.0603183
-0.0564816
0.99770127 -0.06339795 0.02393472
0.06174034 0.99600012 0.06459016
-0.02793386 -0.06296395 0.99762480
0.02749172
55
-0.0398635
 0.0614536
 -0.056552
0.99728172 -0.06717184 0.03028392
0.06551646 0.99645943 0.05268960
-0.03371596 -0.05056228 0.99815164
0.03017581
56
-0.0387669
  0.059508
-0.0561663
0.99757772 -0.06655461 0.02022789
0.06485694 0.99504308 0.07538461
-0.02514482 -0.07389009 0.99694934
0.05516250
57
-0.0393136
 0.0592842
-0.0562554
0.99775119 -0.05968602 0.03049808
0.05742846 0.99587900 0.07019245
-0.03456190 -0.06828315 0.99706714
0.03274248
58
-0.0398717
  0.059724
-0.0564115
0.99758798 -0.05931016 0.03606274
0.05704262 0.99650941 0.06095195
-0.03955193 -0.05874782 0.99748902
0.02769114
59
-0.0400501
 0.0622341
-0.0566215
0.99717897 -0.06630475 0.03518212
0.06500459 0.99720265 0.03689549
-0.03753005 -0.03450441 0.99869963
0.07631405
60
-0.0392414
 0.0596813
 -0.056183
0.99717524 -0.07080154 0.02507339
0.06872207 0.99474839 0.07584801
-0.03031187 -0.07391066 0.99680410
0.04953797
61
-0.0390693
 0.0598829
-0.0561551
0.99716109 -0.07077680 0.02569820
0.06890743 0.99533618 0.06751045
-0.03035652 -0.06554800 0.99738756
0.02577257
62
-0.0380769
 0.0584239
-0.0558208
0.99716444 -0.07320236 0.01744984
0.07156485 0.99414802 0.08092092
-0.02327133 -0.07944267 0.99656776
0.06589862
63
  -0.03887
  0.057722
-0.0558198
0.99645532 -0.07758884 0.03250785
0.07474381 0.99389894 0.08110651
-0.03860248 -0.07838925 0.99617517
0.05126371
64
-0.0380221
 0.0561881
-0.0555112
0.99746689 -0.06762312 0.02206600
0.06545618 0.99402106 0.08739350
-0.02784389 -0.08572777 0.99592945
0.08180269
65
-0.0383318
 0.0560381
-0.0556005
0.99747115 -0.06445670 0.02994401
0.06202640 0.99517559 0.07601492
-0.03469922 -0.07396537 0.99665696
0.04634014
66
-0.0386561
 0.0568789
-0.0557589
0.99743639 -0.06318217 0.03359561
0.06110733 0.99635247 0.05956219
-0.03723634 -0.05735656 0.99765910
0.02479363
67
-0.0393631
 0.0568107
-0.0558722
0.99729675 -0.06166510 0.03995745
0.05916724 0.99638631 0.06093905
-0.04357087 -0.05841014 0.99734138
0.03284248
68
-0.0380879
 0.0582272
-0.0558322
0.99741172 -0.06869884 0.02122119
0.06765910 0.99663160 0.04634321
-0.02433343 -0.04478746 0.99870014
0.05959684
69
-0.0380871
 0.0555804
-0.0554949
0.99772874 -0.06226303 0.02570377
0.05989215 0.99462163 0.08450291
-0.03082693 -0.08277153 0.99609165
0.06951481
70
 -0.038031
 0.0552544
-0.0553897
0.99767227 -0.06259901 0.02704446
0.06032792 0.99513384 0.07790495
-0.03178963 -0.07609207 0.99659391
0.04907328
71
-0.0378005
 0.0565424
-0.0554384
0.99741814 -0.06707945 0.02563990
0.06558042 0.99630774 0.05540851
-0.02926201 -0.05358397 0.99813451
0.03364044
72
-0.0377992
 0.0558642
-0.0553627
0.99783998 -0.05961118 0.02760202
0.05767532 0.99613184 0.06629410
-0.03144713 -0.06455895 0.99741828
0.02392643
73
-0.0377781
 0.0565679
-0.0554094
0.99698826 -0.07215084 0.02843712
0.07044984 0.99589354 0.05685838
-0.03242273 -0.05468375 0.99797718
0.02698146
74
-0.0378294
 0.0563416
-0.0554031
0.99770100 -0.06092350 0.02968219
0.05902568 0.99638542 0.06109064
-0.03329676 -0.05919818 0.99769078
0.01801241
75
-0.0373473
 0.0512388
-0.0544121
0.99869225 -0.04586043 0.02259691
0.04271354 0.99134209 0.12416283
-0.02809543 -0.12303526 0.99200452
0.19448871
76
-0.0372777
 0.0510092
-0.0544271
0.99833713 -0.05170886 0.02547880
0.04902384 0.99411206 0.09663271
-0.03032555 -0.09522295 0.99499395
0.10438528
77
 -0.037406
  0.051266
-0.0544814
0.99775829 -0.06028259 0.02905870
0.05787672 0.99530894 0.07752671
-0.03359589 -0.07567109 0.99656671
0.04603655
78
-0.0372652
 0.0517959
-0.0545389
0.99703763 -0.07185503 0.02743766
0.06993726 0.99540450 0.06541148
-0.03201171 -0.06329879 0.99748108
0.01911298
79
-0.0380207
 0.0519961
-0.0546877
0.99662862 -0.07231701 0.03875115
0.06981267 0.99560089 0.06249041
-0.04309980 -0.05957441 0.99729298
0.03531374
80
-0.0377585
 0.0520433
-0.0547846
0.99739853 -0.06499105 0.03118235
0.06298323 0.99611500 0.06154693
-0.03506121 -0.05942286 0.99761698
0.02294944
81
 -0.038765
 0.0527499
-0.0550571
0.99751851 -0.05475999 0.04425122
0.05248446 0.99731628 0.05104531
-0.04692770 -0.04859614 0.99771549
0.05735666
82
-0.0382714
 0.0527914
-0.0549832
0.99804209 -0.05463262 0.03045094
0.05287147 0.99703467 0.05591489
-0.03341542 -0.05419543 0.99797107
0.02713976
83
-0.0377935
 0.0541785
-0.0549574
0.99738871 -0.06832613 0.02339429
0.06730502 0.99684975 0.04195952
-0.02618752 -0.04027539 0.99884539
0.07280625
84
-0.0386229
 0.0558372
-0.0552591
0.99672975 -0.07102926 0.03853104
0.06990855 0.99711136 0.02969399
-0.04052888 -0.02690323 0.99881611
0.10747224
85
-0.0384963
  0.056628
-0.0552664
0.99653247 -0.07652722 0.03265921
0.07534443 0.99650644 0.03602964
-0.03530236 -0.03344402 0.99881692
0.08526580
86
-0.0388591
  0.056973
-0.0554142
0.99708509 -0.06679372 0.03687719
0.06517179 0.99692285 0.04355988
-0.03967324 -0.04102956 0.99836998
0.06376794
87
  -0.03847
 0.0573027
-0.0553574
0.99713144 -0.07038387 0.02783890
0.06896789 0.99641892 0.04891582
-0.03118209 -0.04685551 0.99841486
0.04849139
88
-0.0386306
 0.0565533
-0.0552785
0.99699271 -0.07082009 0.03146514
0.06857636 0.99536453 0.06742955
-0.03609465 -0.06506901 0.99722776
0.02121113
89
-0.0387007
 0.0560423
-0.0552561
0.99650501 -0.07697725 0.03243861
0.07438545 0.99442845 0.07469173
-0.03800744 -0.07201772 0.99667893
0.03544170
90
-0.0387676
   0.05558
-0.0552583
0.99714349 -0.06803269 0.03280860
0.06541425 0.99502192 0.07518211
-0.03776012 -0.07282120 0.99662994
0.04109045
91
-0.0385819
 0.0563164
-0.0552966
0.99699158 -0.07197054 0.02877543
0.07019171 0.99580677 0.05866851
-0.03287718 -0.05647222 0.99786271
0.02793505
92
-0.0385567
 0.0559839
-0.0553009
0.99754903 -0.06359212 0.02918850
0.06158970 0.99598150 0.06501972
-0.03320594 -0.06306265 0.99745700
0.02035513
93
-0.0385591
 0.0557295
-0.0553201
0.99740230 -0.06565787 0.02962598
0.06352950 0.99567275 0.06782161
-0.03395080 -0.06576330 0.99725750
0.02490420
94
-0.0384213
  0.054594
-0.0551467
0.99796638 -0.05750498 0.02750063
0.05506528 0.99507039 0.08247864
-0.03210800 -0.08079658 0.99621333
0.06358277
95
-0.0380861
 0.0554772
-0.0551893
0.99799077 -0.05885524 0.02346220
0.05740472 0.99664580 0.05832540
-0.02681626 -0.05686137 0.99802188
0.02972555
96
 -0.037535
 0.0550119
-0.0549913
0.99810137 -0.05898187 0.01774246
0.05765504 0.99603384 0.06776791
-0.02166917 -0.06661630 0.99754334
0.04755134
97
-0.0373155
 0.0531723
-0.0547293
0.99830641 -0.05466269 0.01990722
0.05254380 0.99411388 0.09474570
-0.02496910 -0.09353924 0.99530244
0.10270625
98
-0.0373648
 0.0527559
-0.0546821
0.99791357 -0.05928413 0.02557161
0.05688726 0.99466858 0.08601316
-0.03053449 -0.08437900 0.99596578
0.07229127
99
-0.0378696
 0.0533709
-0.0548417
0.99734899 -0.06316503 0.03612702
0.06076860 0.99609969 0.06397337
-0.04002699 -0.06160838 0.99729747
0.02973285
100
-0.0375233
 0.0529963
-0.0547372
0.99733809 -0.06765520 0.02719374
0.06558046 0.99531413 0.07105621
-0.03187363 -0.06908369 0.99710156
0.03117464
